p	pp	h	hh	lang	user_id	timestamp
0.9999	0.9957	43.8811	1.0113	en->es	u:mKI	1362082574
0.9999	0.9957	43.8811	1.0111	en->es	u:mKI	1362082574
0.9999	0.9980	20.7773	1.0141	es->en	u:iM9E	1362082567
0.6667	0.9980	0.0104	1.0127	es->en	u:iM9E	1362082567
0.8571	0.9980	0.0135	1.0164	es->en	u:iM9E	1362082567
0.9999	0.9979	20.7773	1.0125	es->en	u:iM9E	1362082567
0.9999	0.9980	20.7773	1.0127	es->en	u:iM9E	1362082567
0.9999	0.9980	20.7773	1.0127	es->en	u:iM9E	1362082567
0.8750	0.9980	0.0156	1.0165	es->en	u:iM9E	1362082567
0.9999	0.2298	274.0000	1.0240	en->es	u:hFnH	1362082568
0.0001	0.1866	0.1841	1.0102	en->es	u:hFnH	1362082568
0.9999	0.2094	274.0000	1.0102	en->es	u:hFnH	1362082568
0.9999	0.1873	274.0000	1.0125	en->es	u:hFnH	1362082568
0.9999	0.2265	274.0000	1.0141	en->es	u:hFnH	1362082568
0.9999	0.1880	274.0000	1.0128	en->es	u:hFnH	1362082568
0.9999	0.1851	274.0000	1.0125	en->es	u:hFnH	1362082568
0.9999	0.1840	274.0000	1.0095	en->es	u:hFnH	1362082568
0.9999	0.2257	274.0000	1.0117	en->es	u:hFnH	1362082568
0.9999	0.1889	274.0000	1.0125	en->es	u:hFnH	1362082568
0.9999	0.2297	274.0000	1.0238	en->es	u:hFnH	1362082568
0.9999	0.9954	46.3679	1.0095	en->it	u:ic5M	1362082568
0.9999	0.9928	73.1619	1.0084	en->it	u:ic5M	1362082568
0.9999	0.9954	46.3679	1.0095	en->it	u:ic5M	1362082568
0.9999	0.9973	27.7566	1.0104	en->it	u:ic5M	1362082568
0.9999	0.9973	27.7566	1.0201	en->it	u:ic5M	1362082568
0.9999	0.9954	46.3679	1.0095	en->it	u:ic5M	1362082568
0.0001	0.9973	0.0104	1.0091	en->it	u:ic5M	1362082568
0.9999	0.9842	161.0845	1.0084	en->it	u:ic5M	1362082568
0.9999	0.9973	27.7566	1.0189	en->it	u:ic5M	1362082568
0.9999	0.9973	27.7566	1.0102	en->it	u:ic5M	1362082568
0.9999	0.9719	274.0000	1.0128	en->it	u:ic5M	1362082568
0.9999	0.9842	161.0845	1.0084	en->it	u:ic5M	1362082568
0.9999	0.9742	265.2920	1.0170	en->it	u:ic5M	1362082568
0.9999	0.9878	123.8618	1.0095	en->it	u:ic5M	1362082568
0.9999	0.9973	27.7566	1.0185	en->it	u:ic5M	1362082568
0.9999	0.9973	27.7566	1.0155	en->it	u:ic5M	1362082568
0.9999	0.9973	27.7566	1.0104	en->it	u:ic5M	1362082568
0.9999	0.9954	46.3679	1.0091	en->it	u:ic5M	1362082568
0.9999	0.9954	46.3679	1.0095	en->it	u:ic5M	1362082568
0.9999	0.9973	27.7566	1.0170	en->it	u:ic5M	1362082568
0.9999	0.9973	27.7566	1.0104	en->it	u:ic5M	1362082568
0.9999	0.9973	27.7566	1.0095	en->it	u:ic5M	1362082568
0.9999	0.9973	27.7566	1.0104	en->it	u:ic5M	1362082568
0.9999	0.9954	46.3679	1.0113	en->it	u:ic5M	1362082568
0.8000	0.1602	8.2819	1.0091	en->es	u:hQtL	1362082570
0.5000	0.1608	2.6662	1.0111	en->es	u:hQtL	1362082570
0.5000	0.1603	2.6662	1.0095	en->es	u:hQtL	1362082570
0.9999	0.1602	274.0000	1.0091	en->es	u:hQtL	1362082570
0.9999	0.1596	274.0000	1.0072	en->es	u:hQtL	1362082570
0.9999	0.1600	274.0000	1.0084	en->es	u:hQtL	1362082570
0.9999	0.1596	274.0000	1.0072	en->es	u:hQtL	1362082570
0.9999	0.9985	15.5629	1.0127	en->fr	u:gg4J	1362082573
0.9999	0.9985	15.5629	1.0084	en->fr	u:gg4J	1362082573
0.7500	0.9985	0.0104	1.0091	en->fr	u:gg4J	1362082573
0.5000	0.9985	0.0104	1.0102	en->fr	u:gg4J	1362082573
0.9999	0.9985	15.5629	1.0204	en->fr	u:gg4J	1362082573
0.9999	0.9985	15.5629	1.0127	en->fr	u:gg4J	1362082573
0.9999	0.9985	15.5629	1.0107	en->fr	u:gg4J	1362082573
0.9999	0.9898	104.5284	1.0181	en->de	u:f3nN	1362082574
0.9999	0.9976	24.5477	1.0238	en->de	u:f3nN	1362082574
0.9999	0.9976	24.5477	1.0104	en->de	u:f3nN	1362082574
0.9999	0.0001	274.0000	1.0144	en->de	u:f3nN	1362082574
0.9999	0.9976	24.5477	1.0254	en->de	u:f3nN	1362082574
0.0001	0.9964	0.0104	1.0268	en->de	u:f3nN	1362082574
0.9999	0.9976	24.5477	1.0164	en->de	u:f3nN	1362082574
0.9999	0.9856	145.6018	1.0072	en->de	u:f3nN	1362082574
0.5000	0.9987	0.0104	1.0289	en->de	u:f3nN	1362082574
0.9999	0.9976	24.5477	1.0160	en->de	u:f3nN	1362082574
0.0001	0.9986	0.0104	1.0193	en->de	u:f3nN	1362082574
0.9999	0.9976	24.5477	1.0175	en->de	u:f3nN	1362082574
0.9999	0.9976	24.5477	1.0206	en->de	u:f3nN	1362082574
0.9999	0.9976	24.5477	1.0233	en->de	u:f3nN	1362082574
0.9999	0.9976	24.5477	1.0117	en->de	u:f3nN	1362082574
0.9999	0.9858	145.6018	1.0169	en->de	u:f3nN	1362082574
0.9999	0.9987	13.8783	1.0295	en->de	u:f3nN	1362082574
0.9999	0.9898	104.5284	1.0164	en->de	u:f3nN	1362082574
0.9999	0.9857	145.6018	1.0144	en->de	u:f3nN	1362082574
0.9999	0.9858	145.6018	1.0197	en->de	u:f3nN	1362082574
0.9999	0.0001	274.0000	1.0121	en->de	u:f3nN	1362082574
0.9999	0.9986	13.8783	1.0113	en->de	u:f3nN	1362082574
0.9999	0.9986	13.8783	1.0141	en->de	u:f3nN	1362082574
0.9999	0.9986	13.8783	1.0147	en->de	u:f3nN	1362082574
0.9999	0.9986	13.8783	1.0144	en->de	u:f3nN	1362082574
0.9999	0.9986	13.8783	1.0147	en->de	u:f3nN	1362082574
0.9999	0.9953	47.4910	1.0165	en->de	u:f3nN	1362082574
0.9999	0.9976	24.5477	1.0135	en->de	u:f3nN	1362082574
0.9999	0.9677	274.0000	1.0101	en->de	u:f3nN	1362082574
0.0001	0.9897	0.0104	1.0140	en->de	u:f3nN	1362082574
0.9999	0.9976	24.5477	1.0158	en->de	u:f3nN	1362082574
0.9999	0.9994	6.2573	1.0231	es->en	u:cS-T	1362082576
0.9999	0.5826	274.0000	1.0257	es->en	u:cS-T	1362082576
0.9999	0.4120	274.0000	1.0210	es->en	u:cS-T	1362082576
0.9999	0.5804	274.0000	1.0186	es->en	u:cS-T	1362082576
0.9999	0.5833	274.0000	1.0278	es->en	u:cS-T	1362082576
0.9999	0.9994	6.2573	1.0245	es->en	u:cS-T	1362082576
0.9999	0.9994	6.2573	1.0321	es->en	u:cS-T	1362082576
0.9999	0.5810	274.0000	1.0233	es->en	u:cS-T	1362082576
0.9999	0.9994	6.2573	1.0349	es->en	u:cS-T	1362082576
0.9999	0.9994	6.2573	1.0336	es->en	u:cS-T	1362082576
0.9999	0.2383	274.0000	1.0261	es->en	u:cS-T	1362082576
